// calibration file from SeaBird
SERIALNO=0057
TCALDATE=05-Dec-09
TA0= 7.911716e-004
TA1= 2.897626e-004
TA2=-2.883375e-006
TA3= 2.162416e-007
CCALDATE=05-Dec-09
CG=-1.044922e+000
CH= 1.436450e-001
CI=-5.515113e-005
CJ= 2.752142e-005
CTCOR= 3.250000e-006
CPCOR=-9.570000e-008
PCALDATE=03-Dec-09
PA0=-3.721150e-002
PA1= 4.424185e-003
PA2=-2.437720e-011
PTCA0= 5.204948e+005
PTCA1=-9.400995e-001
PTCA2=-2.775447e-002
PTCB0= 2.490738e+001
PTCB1=-7.250000e-004
PTCB2= 0.000000e+000
PTEMPA0=-5.104817e+001
PTEMPA1= 5.843755e+001
PTEMPA2=-1.956986e+000
