SERIALNO=0237
TCALDATE=06-Mar-12
TA0= 8.456100e-004
TA1= 2.777885e-004
TA2=-2.000284e-006
TA3= 1.904453e-007
CCALDATE=06-Mar-12
CG=-9.732861e-001
CH= 1.239393e-001
CI=-3.742971e-004
CJ= 4.573203e-005
CTCOR= 3.250000e-006
CPCOR=-9.570000e-008
PCALDATE=01-Mar-12
PA0=-1.988739e+000
PA1= 8.760495e-003
PA2= 7.684292e-011
PTCA0= 5.231859e+005
PTCA1=-1.861555e+001
PTCA2= 3.620160e-001
PTCB0= 1.047768e+002
PTCB1=-5.723819e-003
PTCB2= 0.000000e+000
PTEMPA0=-9.129523e+001
PTEMPA1= 4.325490e+001
PTEMPA2= 9.087067e-001