SERIALNO=0328
TCALDATE=03-Apr-11
TA0= 9.057062e-004
TA1= 2.653089e-004
TA2=-8.009256e-007
TA3= 1.514985e-007
CCALDATE=03-Apr-11
CG=-1.007818e+000
CH= 1.535076e-001
CI=-5.380855e-004
CJ= 6.828768e-005
CTCOR= 3.250000e-006
CPCOR=-9.570000e-008
PCALDATE=29-Mar-11
PA0=-2.350814e+000
PA1= 8.666648e-003
PA2= 7.395653e-011
PTCA0= 5.232364e+005
PTCA1=-1.894241e+001
PTCA2= 2.798305e-001
PTCB0= 1.056832e+002
PTCB1=-7.019692e-003
PTCB2= 0.000000e+000
PTEMPA0=-9.008916e+001
PTEMPA1= 4.308485e+001
PTEMPA2= 8.139577e-001