// calibration file from SeaBird
SERIALNO=0057
TCALDATE=22-Oct-03
TA0= 7.682221e-004
TA1= 2.970560e-004
TA2=-3.655419e-006
TA3= 2.434755e-007
CCALDATE=22-Oct-03
CG=-1.045119e+000
CH= 1.438154e-001
CI=-1.132377e-004
CJ= 3.132137e-005
CTCOR= 3.250000e-006
CPCOR=-9.570000e-008
PCALDATE=16-oct-03 
PA0= 4.569247e-002
PA1= 4.404259e-003
PA2=-1.052769e-011
PTCA0= 5.206264e+005
PTCA1= 6.159650e-001
PTCA2= 3.703568e-002
PTCB0= 2.490738e+001
PTCB1=-7.250000e-004
PTCB2= 0.000000e+000
PTEMPA0=-5.224732e+001
PTEMPA1= 6.032494e+001
PTEMPA2=-2.591457e+000
