SERIALNO=0238
TCALDATE=19-Jul-14
TA0= 8.597817e-004
TA1= 2.785848e-004
TA2=-1.824346e-006
TA3= 1.844839e-007
CCALDATE=19-Jul-14
CG=-1.007006e+000
CH= 1.530739e-001
CI=-3.992590e-004
CJ= 5.906045e-005
CTCOR= 3.250000e-006
CPCOR=-9.570000e-008
PCALDATE=02-May-14
PA0=-2.513439e+000
PA1= 8.666382e-003
PA2= 7.137140e-011
PTCA0= 5.232149e+005
PTCA1=-1.913456e+001
PTCA2= 2.845851e-001
PTCB0= 1.056832e+002
PTCB1=-7.019692e-003
PTCB2= 0.000000e+000
PTEMPA0=-9.038086e+001
PTEMPA1= 4.325388e+001
PTEMPA2= 7.851383e-001