SERIALNO=0237
TCALDATE=14-May-14
TA0= 8.210150e-004
TA1= 2.858216e-004
TA2=-2.874153e-006
TA3= 2.220935e-007
CCALDATE=14-May-14
CG=-9.727029e-001
CH= 1.237139e-001
CI=-3.117944e-004
CJ= 4.201148e-005
CTCOR= 3.250000e-006
CPCOR=-9.570000e-008
PCALDATE=12-May-14
PA0=-1.954189e+000
PA1= 8.759594e-003
PA2= 7.442881e-011
PTCA0= 5.231953e+005
PTCA1=-1.866372e+001
PTCA2= 3.608637e-001
PTCB0= 1.047768e+002
PTCB1=-5.723819e-003
PTCB2= 0.000000e+000
PTEMPA0=-9.280339e+001
PTEMPA1= 4.448019e+001
PTEMPA2= 6.590238e-001